1.345316544996175839e-03
2.809537867414021450e-01
3.191824654712118597e-02
2.334423264233433798e-02
7.163271664918978085e-03
1.008338814077986700e-01
2.219010989472823200e-02
1.791026241493185291e-03
2.410902695509377358e-02
5.553587523201299059e-02
1.070160975461550631e-03
1.035116246757836894e-01
1.586138785960460387e-02
8.476106182836508698e-03
3.900784620374325934e-04
5.536188177926749665e-01
2.309662119004564640e-01
1.434469912968390840e-04
3.232833619774783118e-02
2.743359482028791263e-02
4.316362113270065526e-02
7.125662679071325485e-04
4.442648830344916519e-03
1.166502845004040514e-02
1.968308302228688744e-01
2.117668154644061496e-01
3.084615450811837856e-01
4.996352974974873629e-01
8.838598370518983838e-02
1.806204211850194474e-02
5.817538139568714101e-02
9.322233906835729611e-01
9.088453630970321218e-01
1.184565754860145842e-01
2.211463702309702725e-02
1.863811673565700334e-03
9.106620492170579631e-03
5.949021790538233483e-03
7.974926361351322365e-03
1.828387984343765871e-01
2.899389243883187389e-02
1.527108050600964068e-03
8.219040890111374564e-02
5.864659414389979813e-02
3.938716846581797812e-03
2.705476330681989006e-01
1.777615913429283767e-01
1.380336751386821922e-02
2.354202610186361679e-04
1.829630956502080116e-02
9.849035917219368663e-01
9.892532589868054949e-01
9.967744655071093529e-01
5.915423751854863577e-01
7.369967620967552424e-01
4.911358881928604148e-01
6.550590696477784358e-02
5.648504872017687806e-01
9.937045119250418335e-01
9.990879762259856633e-01
7.680296336123457746e-01
9.985994925222869689e-01
9.458772255778977733e-01
8.735703926830383770e-01
2.200685014641074744e-01
9.946604337415970720e-01
9.215879044505917994e-01
9.977109437822876403e-01
9.945677716518513956e-01
4.131855707347646955e-01
9.898963237080609101e-01
9.967217998458497430e-01
9.998249277384324563e-01
9.881761811663484218e-01
7.612629766512861718e-01
7.598645881380513556e-01
9.959114999261157175e-01
9.904454140421060648e-01
9.608695663037359891e-01
9.297018528077248822e-01
2.295493693935722890e-01
9.664726516954660340e-01
6.908495037372583969e-01
8.981938152781236973e-01
9.992210151446508926e-01
9.942490083187259797e-01
9.442400070970620174e-01
9.945722244350163610e-01
9.905586129566550380e-01
7.281458672729854698e-01
9.398177743790934180e-01
9.429742221815331504e-01
4.354572249131746786e-01
9.994614451724098680e-01
9.435163944312167095e-01
8.902713042228738161e-01
9.869584035196036220e-01
9.954496939089448881e-01
9.996324928372908314e-01
9.369790612453681167e-01
