3.847095862603869959e-02
4.586189935543086293e-01
6.485158110687250232e-01
1.269740220925030250e-01
1.515625978803861532e-02
3.052386860336949934e-03
4.910473014878442595e-15
5.881717571210224316e-01
1.437169858521075427e-01
2.221528167605881822e-03
4.825426574242331484e-03
1.530233415155317911e-01
4.410659509370666457e-04
2.507965210797853395e-01
6.871790049943565704e-06
5.985741739774136372e-02
1.561925984408767953e-01
6.519500989596990204e-01
2.461562556221125186e-01
3.055064622504377256e-02
1.039304483029784669e-02
4.176972048275763572e-02
6.210873553030521466e-01
5.630851734163486721e-01
9.785684368524388832e-02
1.862444489016174543e-01
9.090309878498433914e-04
2.953426586942867887e-02
2.773504496765131361e-02
1.667517798012706776e-01
2.350770157446746556e-02
2.060257559980112063e-01
5.140575891431914402e-02
1.509725739078396356e-01
7.692945054389473125e-02
3.506092510592243028e-01
5.036876010184822283e-02
9.633261675811841673e-01
3.854235697187205489e-01
9.807612182054575856e-02
1.784297913154091753e-01
9.371043069653592905e-01
2.315024149762605621e-01
1.135674274943041934e-01
1.192090151788373104e-06
5.941141357540211804e-02
4.426534080830727969e-01
7.138288589863657496e-02
6.138120483064423566e-02
6.344870409211765816e-01
8.145967692662190451e-01
5.227966711678786460e-01
6.070237955043339406e-01
9.139555807119681408e-01
7.768331696325549984e-01
9.938621052250541377e-01
5.969975087121501822e-01
5.604218499720607927e-01
8.856341853210364379e-01
9.127338584702064939e-01
9.616739618602965223e-01
8.744704717313893649e-01
3.452500547272337461e-01
9.902066089954737471e-01
9.349741939348760189e-01
9.729045070664193995e-01
9.460566597542889866e-01
7.606306369306176096e-01
8.000544124345377872e-01
9.410779263460447019e-01
9.953074470713576538e-01
6.920269934930924904e-01
9.081406876646223036e-01
8.714804974147103422e-01
9.475934116036114352e-01
9.375416393603110965e-01
9.908182904277701430e-01
9.263737157343309159e-01
9.895567564539249350e-01
6.040175091879658176e-01
3.051407776554129758e-01
9.946708980739965567e-01
9.009602766074340519e-01
9.867438150342247027e-01
9.012289347407527185e-01
9.656315044177717910e-01
9.693296043690901032e-01
9.135669317937741285e-01
9.356103589212056981e-01
8.652338214576404951e-01
5.955452377995708035e-01
8.233127714934758146e-01
7.916135179982217718e-01
8.243903629581228465e-01
9.214243831814181718e-01
9.422200104543553278e-01
9.649019607050185465e-01
9.255622767559850139e-01
9.461839166304408799e-01
8.293858912470961631e-01
