9.383760845109692106e-01
3.951203189578062491e-01
3.946442158770745445e-01
8.849486309562368813e-01
9.020430401763034345e-01
9.809409665667435663e-01
9.999999612806467209e-01
4.727055025565213286e-01
8.928358095267105998e-01
9.776163244753562909e-01
8.866181598340766579e-01
8.677903041460058864e-01
9.931053720922587980e-01
7.020459001734571380e-01
9.968802518949473335e-01
9.304235665973061842e-01
7.519192068400173401e-01
3.309659891872948068e-01
3.428157670243579536e-01
9.177244830766601025e-01
9.484195747005569332e-01
9.531985638598828858e-01
4.310178136304431140e-01
3.560805860432127434e-01
8.653885478248413143e-01
6.706486689847295235e-01
9.844635146845839291e-01
9.672782336294757366e-01
9.703693002569901971e-01
8.027869127840521202e-01
9.670052097360861687e-01
8.152718548899589024e-01
9.489524643545236282e-01
7.483063275508849976e-01
5.946902318875710858e-01
4.992515133441926545e-01
9.311933982445831370e-01
5.488199709845979074e-02
6.830339665614767464e-01
9.140054673493060999e-01
7.153122528011015557e-01
8.475287837195724649e-02
8.022646076109585245e-01
8.656735641111097390e-01
9.992060840907607266e-01
9.422175745040886063e-01
5.759439310555481972e-01
9.059754307868016499e-01
9.230939501485055931e-01
3.831209083834450912e-01
1.090429825908411365e-01
6.043713431187520690e-01
2.390525191670087313e-01
1.656236588711704760e-01
2.726209200008444800e-01
1.391551452793373528e-02
4.614727401800289286e-01
5.106052587713610924e-01
1.833848949522831617e-01
1.122943560725063600e-01
6.820874715175954950e-02
1.744498643836850105e-01
7.402961309428234271e-01
2.097543658953470239e-02
8.438779678999688838e-02
5.806992624724332391e-02
8.987229297899167191e-02
1.729303562273446226e-01
3.118057473510276179e-01
8.176167710530651833e-02
8.951130326626654393e-03
4.337832105403756078e-01
1.556362297336090772e-01
2.207871849290686528e-01
8.977470039453944173e-02
6.809672635002970986e-02
2.304536535193052113e-02
1.413306468852890130e-01
1.691669541065704552e-02
5.251759481580262623e-01
7.724302075762637942e-01
4.975549915198717275e-03
1.175813722328540173e-01
2.470125979614993736e-02
1.742819333028328976e-01
5.925198818215949431e-02
5.801311531857045872e-02
1.469304857324473246e-01
1.097239224532119833e-01
6.921892686461843247e-02
5.354509667707078036e-01
2.474019349792184741e-01
2.832677606156301375e-01
2.339098919695938583e-01
1.209235134791549066e-01
1.140185675243357566e-01
7.739703087145650973e-02
1.254160919796047935e-01
4.985446372573297535e-02
2.738809375167958193e-01
