9.988776041628123492e-01
7.149422405690989413e-01
9.701253870463101281e-01
9.784062526715888719e-01
9.935780466146832968e-01
9.003394093747305593e-01
9.794518193477627088e-01
9.985027401113145684e-01
9.776292176892995567e-01
9.468375759030416283e-01
9.991147315293320563e-01
8.986432296444738510e-01
9.854066975635626946e-01
9.924555876152098000e-01
9.996860758286247872e-01
4.319992641261398147e-01
7.666005313548357458e-01
9.998896305996144429e-01
9.696503910658685887e-01
9.745165407845868266e-01
9.591108134970190990e-01
9.994186014772260540e-01
9.961348046008507984e-01
9.895152019414897859e-01
8.023136326659753292e-01
7.867761480673617358e-01
6.853553099454319231e-01
4.870784672600415588e-01
9.140236450293902637e-01
9.834555172144254787e-01
9.440597615801356035e-01
5.868727203877376064e-02
8.060475710630625457e-02
8.832751106428158305e-01
9.796146369145435351e-01
9.984242260233594513e-01
9.918363131603308291e-01
9.947547243906373904e-01
9.929150306353842215e-01
8.179065615245878496e-01
9.729082811205922443e-01
9.987238889559680866e-01
9.201113872616075717e-01
9.436476123294160745e-01
9.965913013301530565e-01
7.254341149631688968e-01
8.220308000748535182e-01
9.875218091729573988e-01
9.998156606255763634e-01
9.832174016680194084e-01
1.228645877527395798e-02
8.668817121902131287e-03
2.486443348915317285e-03
3.915521642971797611e-01
2.458875983829729717e-01
4.949572424734575704e-01
9.366995065963497069e-01
4.195813252741075194e-01
4.982546105420203840e-03
6.684159599916647239e-04
2.144747121279321489e-01
1.051750521800044963e-03
4.628541773541152565e-02
1.134025656640746116e-01
7.786776515273583499e-01
4.164944752573768345e-03
6.833204337884585255e-02
1.741801739283405830e-03
4.258106071090339562e-03
5.773071675341955311e-01
8.141879603713698260e-03
2.537603632291985517e-03
1.221030012049686400e-04
9.494660667574518487e-03
2.225609912496629150e-01
2.226847367827414492e-01
3.176996849174169423e-03
7.674052166991871503e-03
3.351448224953937349e-02
6.122383886714125728e-02
7.683114278380378526e-01
2.820869633238181143e-02
2.909276446074486322e-01
8.979197290765972284e-02
5.705114812176318231e-04
4.507767330528663664e-03
4.755220827021205271e-02
4.283255406175364745e-03
7.521474322804407552e-03
2.537651383552968487e-01
5.206521640380259303e-02
4.934602849830108801e-02
5.537341125626322746e-01
3.885792480502003421e-04
4.900645972509184989e-02
9.722274059117619327e-02
1.056841550895224434e-02
3.557424283038901781e-03
2.617252975218655755e-04
5.425551703987283036e-02
