1.281279185084115702e-01
1.726456090826820747e-04
2.607040802509922491e-05
6.696871908231146343e-05
2.102500427235930701e-04
2.093027736195283896e-03
5.704054035204051982e-04
5.608885029767035874e-08
5.839874211474253146e-04
4.060388640691646018e-06
1.086105101551574763e-04
2.950059006519743180e-04
1.862164362219039622e-03
3.459540277176155173e-04
4.732422736740920994e-06
8.443459577055882626e-02
2.056378427863909852e-05
1.436971932104486811e-05
2.056390113897647344e-03
1.486382706695553196e-06
6.689851111435197375e-07
8.805158236534086150e-04
4.801984013377849853e-04
1.146879705170140637e-02
1.370037213244830697e-07
4.242887550999292477e-08
2.321619367230238364e-05
1.686005880692130476e-02
1.583375508906197481e-05
9.293933940835147345e-01
4.146826020144661271e-03
2.766701228528735165e-05
8.666627893936205634e-07
1.299174544812730160e-05
5.471108871427426447e-03
1.126419306446842976e-03
3.172457067079877124e-02
4.271687931737879196e-01
4.486723935161196497e-05
1.106654666701979668e-05
1.031120783893996326e-03
2.448610646797434869e-05
1.994716819710063761e-06
3.157963603697712222e-03
5.533769169998668504e-05
3.753491870499107985e-03
2.468770382791963424e-06
2.752876075849849352e-08
1.703907066793971018e-04
9.586980431095775135e-01
1.276180970195590555e-03
2.766591670449563764e-02
8.693223188511435835e-06
1.430948662543272444e-03
1.460636788296591250e-02
6.613721429281924548e-07
5.372776227153608971e-04
7.194340477392879157e-04
1.164063735969307319e-03
1.116464826809801270e-04
3.355121276060377654e-04
2.549180969303519839e-05
7.520458039749935431e-01
9.974950821846841897e-01
9.707070251734721822e-01
8.011170219394300185e-01
7.794134645592043498e-01
9.928065928623485137e-01
9.444952485747918347e-01
9.995912177606566251e-01
9.999631861698646818e-01
9.987756625083403783e-01
9.971669149730170156e-01
9.813079607756498568e-01
9.957091399930918518e-01
7.462498733102408410e-01
9.829988241583730302e-01
9.795252660826351265e-01
9.985516024275529201e-01
5.074777641154202268e-01
9.927707522114181948e-01
9.999650626770248962e-01
9.986709854561940380e-01
9.926973577469043741e-01
9.611364858807199818e-01
6.592803214158698966e-01
9.889541805995921697e-01
9.964440801006422266e-01
9.998440530359162803e-01
9.838090871515238200e-01
8.025525061279015215e-01
9.928231770425303138e-01
9.573735566840433364e-01
9.957445055365020670e-01
9.521103119556449945e-01
9.998327206367848552e-01
9.986981372372082388e-01
9.244085413857858757e-01
9.997098010959351022e-01
9.994202966206906513e-01
9.998633692323743993e-01
9.852377514631744937e-01
9.798786020903070826e-01
9.993518022742114981e-01
6.810848214409701562e-01
9.873443440612953426e-01
9.744870851272876555e-01
9.985505547639428325e-01
9.292678486567788054e-01
9.193127694361196145e-01
9.994133171629108192e-01
8.710759004579353704e-01
9.923614635394403249e-01
9.112943468160885629e-01
5.307477293149475139e-01
9.942902213578759252e-01
9.992069166885225728e-01
9.047901181243438451e-01
9.992970926758144579e-01
9.876680590392873382e-01
9.661668740582010084e-01
9.902793721295439777e-01
9.085813960307816961e-01
9.990393887479336321e-01
