1.353013871601914109e-01
1.743416434781625557e-01
6.644765937147176227e-02
1.025685819039839769e-01
1.795560217130481862e-01
1.176082520363211648e-01
1.144679912126242427e-01
3.908186740700685113e-02
1.526863254238575995e-01
1.673865890903810938e-01
9.004325997104170587e-02
1.087019626228823282e-01
1.624329872074461445e-01
8.441471241517864432e-02
4.208149695098661880e-02
4.925913767970484247e-02
1.198909655738901320e-01
6.363418278661261973e-02
5.972137885449758238e-02
3.552018873851092717e-02
1.358806515368426449e-01
1.863782813780415215e-01
1.704846192636917113e-01
4.568434377732327745e-02
7.430769838867994082e-02
1.844141549882465370e-01
1.720519518602009190e-01
1.463138231323940219e-01
1.834337719276444845e-01
4.044829311636378988e-02
1.203778633220363020e-01
1.297285321757367660e-01
1.703234276042531747e-01
1.572077508065380380e-01
6.251282279162831412e-02
1.250122125787807015e-01
1.567525642946499542e-01
6.665867472658548731e-02
3.215026046003771620e-02
9.640470552870254728e-02
1.757312346314525153e-01
5.469301377237608536e-02
1.374854809947833600e-01
1.395450367320505425e-01
5.326010699183791192e-02
1.251198754108094890e-01
9.538882433018296136e-02
1.195314571600360476e-01
8.792749210531657089e-02
7.299342920036896998e-02
1.246772478398916889e-01
9.646544071985520274e-02
1.369827640924045353e-01
1.075539306281463880e-01
1.004043409189340763e-01
1.012917374391265335e-01
1.194670839664233042e-01
1.431238456299210871e-01
1.466477338490089211e-01
1.274690618732751135e-01
1.278191013580605717e-01
1.381428601655803889e-01
7.416609696943728125e-02
1.359323828345553320e-01
5.139831276073592720e-02
6.863662749267721019e-02
3.953275733958591664e-02
1.385992478774077663e-01
8.468865309315778966e-02
1.332900794322144644e-01
1.835795515237134690e-01
1.139840909228655996e-01
1.843113627354015238e-01
5.080885866930219541e-02
4.945520882768033449e-02
9.755990230143488096e-02
1.009287027068483528e-01
1.418648175818227053e-01
1.018045206606408987e-01
1.138801765033379959e-01
1.171430283080958090e-01
4.351779736767719120e-02
5.723177393598712082e-02
1.777961683261463088e-01
1.476903305702535196e-01
5.767513226411791899e-02
7.143406681216740717e-02
1.547739550362609295e-01
1.317324916814394120e-01
4.296339260048272213e-02
1.407872980406599528e-01
5.533743716699675297e-02
1.320206882208833921e-01
1.052013486340491605e-01
1.285341396376006029e-01
6.216785475262762845e-02
8.116496207464440893e-02
1.412605567524050643e-01
1.607484653736204194e-01
9.638070289510258792e-02
7.837563668485386659e-02
1.038950885837281318e-01
3.935476926437722622e-02
1.004948881200581484e-01
1.242574513892621552e-01
1.606196641424438021e-01
1.382820853896036817e-01
5.502166109972049524e-02
4.963547782478450188e-02
4.378420063167487442e-02
1.483632888772633551e-01
1.413517215055327125e-01
1.341974098151255679e-01
1.231283839877315156e-01
1.599392571659234152e-01
4.524932013947534359e-02
1.185567075374109325e-01
1.567174297077866540e-01
1.767793959751989274e-01
5.279623909948017585e-02
1.469585806489055735e-01
1.156044537107654424e-01
6.168764906349481075e-02
4.255464730152425101e-02
1.348579483670061807e-01
6.100515481858032746e-02
6.054002186916101341e-02
1.219421025215642745e-01
1.447995957772398867e-01
1.283170387571677673e-01
1.023874987548406140e-01
1.165514408618542330e-01
4.719007048249124203e-02
1.648726741072696622e-01
1.132909967325851502e-01
1.163189372137587163e-01
4.476384757556362004e-02
1.729140705370979525e-01
5.045893283785422151e-02
1.307180422649494855e-01
1.626643502234874084e-01
1.434161606340846884e-01
1.235468624428640999e-01
1.681706277258304683e-01
1.382724020897069528e-01
1.623094624617216486e-01
1.175525707711483347e-01
1.454013649243666439e-01
7.843626503865691602e-02
1.494560024611956695e-01
1.611198968178114421e-01
5.924797767124553860e-02
8.438181620863141608e-02
6.870901025141196161e-02
8.832892399103733916e-02
1.752151404750339203e-01
3.537860692162676790e-02
9.824104259001703587e-02
6.273052999882122727e-02
1.011902689320707260e-01
1.485076941826964925e-01
8.050439514175625200e-02
1.534011075092472087e-01
1.037944346134458684e-01
6.313806766837025408e-02
1.847874512269553349e-01
1.859467992960989191e-01
3.606091711664653754e-02
8.859217028806747052e-02
1.456699041040194764e-01
4.806696344363821372e-02
1.676090777215406835e-01
1.656578055038946673e-01
8.422803221139764374e-02
1.241268998539826474e-01
1.837115390308200480e-01
1.374163017251465724e-01
9.518857475949743518e-02
8.093958920006497082e-02
1.456815425075076997e-01
1.047471362994461253e-01
4.845457445767581417e-02
1.397695192047879176e-01
9.515017618850177272e-02
1.563613161613025271e-01
3.422225815073284827e-02
1.614727258156337941e-01
1.494951187463545716e-01
3.261823864852686494e-02
1.007424870812877182e-01
3.822359961993930522e-02
7.481323101185591296e-02
1.820192589941470040e-01
3.837465847076558523e-02
1.232288115918093729e-01
1.177683226194305433e-01
1.027851673328611520e-01
7.930317922827564980e-02
1.700834032672416118e-01
1.278353487784827658e-01
